{
  "nbformat": 4,
  "nbformat_minor": 0,
  "metadata": {
    "colab": {
      "name": "lidar-velodyne.ipynb",
      "provenance": [],
      "collapsed_sections": []
    },
    "kernelspec": {
      "name": "python3",
      "display_name": "Python 3"
    }
  },
  "cells": [
    {
      "cell_type": "code",
      "metadata": {
        "id": "Zse_0kuEKn3a",
        "colab_type": "code",
        "outputId": "0fc84de6-b13f-4f74-86a7-34f4a0fd1572",
        "colab": {
          "base_uri": "https://localhost:8080/",
          "height": 591
        }
      },
      "source": [
        "!wget https://s3.eu-central-1.amazonaws.com/avg-kitti/raw_data/2011_09_26_drive_0048/2011_09_26_drive_0048_sync.zip\n",
        "!wget https://s3.eu-central-1.amazonaws.com/avg-kitti/raw_data/2011_09_26_calib.zip\n",
        "!wget https://s3.eu-central-1.amazonaws.com/avg-kitti/raw_data/2011_09_26_drive_0048/2011_09_26_drive_0048_tracklets.zip"
      ],
      "execution_count": 0,
      "outputs": [
        {
          "output_type": "stream",
          "text": [
            "--2019-11-30 07:23:32--  https://s3.eu-central-1.amazonaws.com/avg-kitti/raw_data/2011_09_26_drive_0048/2011_09_26_drive_0048_sync.zip\n",
            "Resolving s3.eu-central-1.amazonaws.com (s3.eu-central-1.amazonaws.com)... 52.219.72.175\n",
            "Connecting to s3.eu-central-1.amazonaws.com (s3.eu-central-1.amazonaws.com)|52.219.72.175|:443... connected.\n",
            "HTTP request sent, awaiting response... 200 OK\n",
            "Length: 83650171 (80M) [application/zip]\n",
            "Saving to: ‘2011_09_26_drive_0048_sync.zip’\n",
            "\n",
            "2011_09_26_drive_00 100%[===================>]  79.77M  24.1MB/s    in 3.3s    \n",
            "\n",
            "2019-11-30 07:23:35 (24.1 MB/s) - ‘2011_09_26_drive_0048_sync.zip’ saved [83650171/83650171]\n",
            "\n",
            "--2019-11-30 07:23:40--  https://s3.eu-central-1.amazonaws.com/avg-kitti/raw_data/2011_09_26_calib.zip\n",
            "Resolving s3.eu-central-1.amazonaws.com (s3.eu-central-1.amazonaws.com)... 52.219.73.139\n",
            "Connecting to s3.eu-central-1.amazonaws.com (s3.eu-central-1.amazonaws.com)|52.219.73.139|:443... connected.\n",
            "HTTP request sent, awaiting response... 200 OK\n",
            "Length: 4068 (4.0K) [application/zip]\n",
            "Saving to: ‘2011_09_26_calib.zip’\n",
            "\n",
            "2011_09_26_calib.zi 100%[===================>]   3.97K  --.-KB/s    in 0s      \n",
            "\n",
            "2019-11-30 07:23:40 (155 MB/s) - ‘2011_09_26_calib.zip’ saved [4068/4068]\n",
            "\n",
            "--2019-11-30 07:23:45--  https://s3.eu-central-1.amazonaws.com/avg-kitti/raw_data/2011_09_26_drive_0048/2011_09_26_drive_0048_tracklets.zip\n",
            "Resolving s3.eu-central-1.amazonaws.com (s3.eu-central-1.amazonaws.com)... 52.219.73.155\n",
            "Connecting to s3.eu-central-1.amazonaws.com (s3.eu-central-1.amazonaws.com)|52.219.73.155|:443... connected.\n",
            "HTTP request sent, awaiting response... 200 OK\n",
            "Length: 64188 (63K) [application/zip]\n",
            "Saving to: ‘2011_09_26_drive_0048_tracklets.zip’\n",
            "\n",
            "2011_09_26_drive_00 100%[===================>]  62.68K   318KB/s    in 0.2s    \n",
            "\n",
            "2019-11-30 07:23:45 (318 KB/s) - ‘2011_09_26_drive_0048_tracklets.zip’ saved [64188/64188]\n",
            "\n"
          ],
          "name": "stdout"
        }
      ]
    },
    {
      "cell_type": "code",
      "metadata": {
        "id": "4C5u68WkMWur",
        "colab_type": "code",
        "outputId": "c904594e-d506-4811-f7d1-2c149a61662a",
        "colab": {
          "base_uri": "https://localhost:8080/",
          "height": 1000
        }
      },
      "source": [
        "!unzip 2011_09_26_drive_0048_sync.zip"
      ],
      "execution_count": 0,
      "outputs": [
        {
          "output_type": "stream",
          "text": [
            "Archive:  2011_09_26_drive_0048_sync.zip\n",
            "   creating: 2011_09_26/2011_09_26_drive_0048_sync/oxts/\n",
            " extracting: 2011_09_26/2011_09_26_drive_0048_sync/oxts/timestamps.txt  \n",
            "   creating: 2011_09_26/2011_09_26_drive_0048_sync/oxts/data/\n",
            " extracting: 2011_09_26/2011_09_26_drive_0048_sync/oxts/data/0000000017.txt  \n",
            " extracting: 2011_09_26/2011_09_26_drive_0048_sync/oxts/data/0000000009.txt  \n",
            " extracting: 2011_09_26/2011_09_26_drive_0048_sync/oxts/data/0000000001.txt  \n",
            " extracting: 2011_09_26/2011_09_26_drive_0048_sync/oxts/data/0000000020.txt  \n",
            " extracting: 2011_09_26/2011_09_26_drive_0048_sync/oxts/data/0000000003.txt  \n",
            " extracting: 2011_09_26/2011_09_26_drive_0048_sync/oxts/data/0000000011.txt  \n",
            " extracting: 2011_09_26/2011_09_26_drive_0048_sync/oxts/data/0000000005.txt  \n",
            " extracting: 2011_09_26/2011_09_26_drive_0048_sync/oxts/data/0000000006.txt  \n",
            " extracting: 2011_09_26/2011_09_26_drive_0048_sync/oxts/data/0000000013.txt  \n",
            " extracting: 2011_09_26/2011_09_26_drive_0048_sync/oxts/data/0000000021.txt  \n",
            " extracting: 2011_09_26/2011_09_26_drive_0048_sync/oxts/data/0000000002.txt  \n",
            " extracting: 2011_09_26/2011_09_26_drive_0048_sync/oxts/data/0000000019.txt  \n",
            " extracting: 2011_09_26/2011_09_26_drive_0048_sync/oxts/data/0000000015.txt  \n",
            " extracting: 2011_09_26/2011_09_26_drive_0048_sync/oxts/data/0000000007.txt  \n",
            " extracting: 2011_09_26/2011_09_26_drive_0048_sync/oxts/data/0000000018.txt  \n",
            " extracting: 2011_09_26/2011_09_26_drive_0048_sync/oxts/data/0000000012.txt  \n",
            " extracting: 2011_09_26/2011_09_26_drive_0048_sync/oxts/data/0000000004.txt  \n",
            " extracting: 2011_09_26/2011_09_26_drive_0048_sync/oxts/data/0000000014.txt  \n",
            " extracting: 2011_09_26/2011_09_26_drive_0048_sync/oxts/data/0000000008.txt  \n",
            " extracting: 2011_09_26/2011_09_26_drive_0048_sync/oxts/data/0000000010.txt  \n",
            " extracting: 2011_09_26/2011_09_26_drive_0048_sync/oxts/data/0000000000.txt  \n",
            " extracting: 2011_09_26/2011_09_26_drive_0048_sync/oxts/data/0000000016.txt  \n",
            " extracting: 2011_09_26/2011_09_26_drive_0048_sync/oxts/dataformat.txt  \n",
            "   creating: 2011_09_26/2011_09_26_drive_0048_sync/image_00/\n",
            " extracting: 2011_09_26/2011_09_26_drive_0048_sync/image_00/timestamps.txt  \n",
            "   creating: 2011_09_26/2011_09_26_drive_0048_sync/image_00/data/\n",
            " extracting: 2011_09_26/2011_09_26_drive_0048_sync/image_00/data/0000000008.png  \n",
            " extracting: 2011_09_26/2011_09_26_drive_0048_sync/image_00/data/0000000007.png  \n",
            " extracting: 2011_09_26/2011_09_26_drive_0048_sync/image_00/data/0000000019.png  \n",
            " extracting: 2011_09_26/2011_09_26_drive_0048_sync/image_00/data/0000000017.png  \n",
            " extracting: 2011_09_26/2011_09_26_drive_0048_sync/image_00/data/0000000014.png  \n",
            " extracting: 2011_09_26/2011_09_26_drive_0048_sync/image_00/data/0000000005.png  \n",
            " extracting: 2011_09_26/2011_09_26_drive_0048_sync/image_00/data/0000000018.png  \n",
            " extracting: 2011_09_26/2011_09_26_drive_0048_sync/image_00/data/0000000009.png  \n",
            " extracting: 2011_09_26/2011_09_26_drive_0048_sync/image_00/data/0000000010.png  \n",
            " extracting: 2011_09_26/2011_09_26_drive_0048_sync/image_00/data/0000000001.png  \n",
            " extracting: 2011_09_26/2011_09_26_drive_0048_sync/image_00/data/0000000011.png  \n",
            " extracting: 2011_09_26/2011_09_26_drive_0048_sync/image_00/data/0000000004.png  \n",
            " extracting: 2011_09_26/2011_09_26_drive_0048_sync/image_00/data/0000000020.png  \n",
            " extracting: 2011_09_26/2011_09_26_drive_0048_sync/image_00/data/0000000000.png  \n",
            " extracting: 2011_09_26/2011_09_26_drive_0048_sync/image_00/data/0000000002.png  \n",
            " extracting: 2011_09_26/2011_09_26_drive_0048_sync/image_00/data/0000000003.png  \n",
            " extracting: 2011_09_26/2011_09_26_drive_0048_sync/image_00/data/0000000016.png  \n",
            " extracting: 2011_09_26/2011_09_26_drive_0048_sync/image_00/data/0000000006.png  \n",
            " extracting: 2011_09_26/2011_09_26_drive_0048_sync/image_00/data/0000000021.png  \n",
            " extracting: 2011_09_26/2011_09_26_drive_0048_sync/image_00/data/0000000015.png  \n",
            " extracting: 2011_09_26/2011_09_26_drive_0048_sync/image_00/data/0000000013.png  \n",
            " extracting: 2011_09_26/2011_09_26_drive_0048_sync/image_00/data/0000000012.png  \n",
            "   creating: 2011_09_26/2011_09_26_drive_0048_sync/image_01/\n",
            " extracting: 2011_09_26/2011_09_26_drive_0048_sync/image_01/timestamps.txt  \n",
            "   creating: 2011_09_26/2011_09_26_drive_0048_sync/image_01/data/\n",
            " extracting: 2011_09_26/2011_09_26_drive_0048_sync/image_01/data/0000000008.png  \n",
            " extracting: 2011_09_26/2011_09_26_drive_0048_sync/image_01/data/0000000007.png  \n",
            " extracting: 2011_09_26/2011_09_26_drive_0048_sync/image_01/data/0000000019.png  \n",
            " extracting: 2011_09_26/2011_09_26_drive_0048_sync/image_01/data/0000000017.png  \n",
            " extracting: 2011_09_26/2011_09_26_drive_0048_sync/image_01/data/0000000014.png  \n",
            " extracting: 2011_09_26/2011_09_26_drive_0048_sync/image_01/data/0000000005.png  \n",
            " extracting: 2011_09_26/2011_09_26_drive_0048_sync/image_01/data/0000000018.png  \n",
            " extracting: 2011_09_26/2011_09_26_drive_0048_sync/image_01/data/0000000009.png  \n",
            " extracting: 2011_09_26/2011_09_26_drive_0048_sync/image_01/data/0000000010.png  \n",
            " extracting: 2011_09_26/2011_09_26_drive_0048_sync/image_01/data/0000000001.png  \n",
            " extracting: 2011_09_26/2011_09_26_drive_0048_sync/image_01/data/0000000011.png  \n",
            " extracting: 2011_09_26/2011_09_26_drive_0048_sync/image_01/data/0000000004.png  \n",
            " extracting: 2011_09_26/2011_09_26_drive_0048_sync/image_01/data/0000000020.png  \n",
            " extracting: 2011_09_26/2011_09_26_drive_0048_sync/image_01/data/0000000000.png  \n",
            " extracting: 2011_09_26/2011_09_26_drive_0048_sync/image_01/data/0000000002.png  \n",
            " extracting: 2011_09_26/2011_09_26_drive_0048_sync/image_01/data/0000000003.png  \n",
            " extracting: 2011_09_26/2011_09_26_drive_0048_sync/image_01/data/0000000016.png  \n",
            " extracting: 2011_09_26/2011_09_26_drive_0048_sync/image_01/data/0000000006.png  \n",
            " extracting: 2011_09_26/2011_09_26_drive_0048_sync/image_01/data/0000000021.png  \n",
            " extracting: 2011_09_26/2011_09_26_drive_0048_sync/image_01/data/0000000015.png  \n",
            " extracting: 2011_09_26/2011_09_26_drive_0048_sync/image_01/data/0000000013.png  \n",
            " extracting: 2011_09_26/2011_09_26_drive_0048_sync/image_01/data/0000000012.png  \n",
            "   creating: 2011_09_26/2011_09_26_drive_0048_sync/image_02/\n",
            " extracting: 2011_09_26/2011_09_26_drive_0048_sync/image_02/timestamps.txt  \n",
            "   creating: 2011_09_26/2011_09_26_drive_0048_sync/image_02/data/\n",
            " extracting: 2011_09_26/2011_09_26_drive_0048_sync/image_02/data/0000000008.png  \n",
            " extracting: 2011_09_26/2011_09_26_drive_0048_sync/image_02/data/0000000007.png  \n",
            " extracting: 2011_09_26/2011_09_26_drive_0048_sync/image_02/data/0000000019.png  \n",
            " extracting: 2011_09_26/2011_09_26_drive_0048_sync/image_02/data/0000000017.png  \n",
            " extracting: 2011_09_26/2011_09_26_drive_0048_sync/image_02/data/0000000014.png  \n",
            " extracting: 2011_09_26/2011_09_26_drive_0048_sync/image_02/data/0000000005.png  \n",
            " extracting: 2011_09_26/2011_09_26_drive_0048_sync/image_02/data/0000000018.png  \n",
            " extracting: 2011_09_26/2011_09_26_drive_0048_sync/image_02/data/0000000009.png  \n",
            " extracting: 2011_09_26/2011_09_26_drive_0048_sync/image_02/data/0000000010.png  \n",
            " extracting: 2011_09_26/2011_09_26_drive_0048_sync/image_02/data/0000000001.png  \n",
            " extracting: 2011_09_26/2011_09_26_drive_0048_sync/image_02/data/0000000011.png  \n",
            " extracting: 2011_09_26/2011_09_26_drive_0048_sync/image_02/data/0000000004.png  \n",
            " extracting: 2011_09_26/2011_09_26_drive_0048_sync/image_02/data/0000000020.png  \n",
            " extracting: 2011_09_26/2011_09_26_drive_0048_sync/image_02/data/0000000000.png  \n",
            " extracting: 2011_09_26/2011_09_26_drive_0048_sync/image_02/data/0000000002.png  \n",
            " extracting: 2011_09_26/2011_09_26_drive_0048_sync/image_02/data/0000000003.png  \n",
            " extracting: 2011_09_26/2011_09_26_drive_0048_sync/image_02/data/0000000016.png  \n",
            " extracting: 2011_09_26/2011_09_26_drive_0048_sync/image_02/data/0000000006.png  \n",
            " extracting: 2011_09_26/2011_09_26_drive_0048_sync/image_02/data/0000000021.png  \n",
            " extracting: 2011_09_26/2011_09_26_drive_0048_sync/image_02/data/0000000015.png  \n",
            " extracting: 2011_09_26/2011_09_26_drive_0048_sync/image_02/data/0000000013.png  \n",
            " extracting: 2011_09_26/2011_09_26_drive_0048_sync/image_02/data/0000000012.png  \n",
            "   creating: 2011_09_26/2011_09_26_drive_0048_sync/image_03/\n",
            " extracting: 2011_09_26/2011_09_26_drive_0048_sync/image_03/timestamps.txt  \n",
            "   creating: 2011_09_26/2011_09_26_drive_0048_sync/image_03/data/\n",
            " extracting: 2011_09_26/2011_09_26_drive_0048_sync/image_03/data/0000000008.png  \n",
            " extracting: 2011_09_26/2011_09_26_drive_0048_sync/image_03/data/0000000007.png  \n",
            " extracting: 2011_09_26/2011_09_26_drive_0048_sync/image_03/data/0000000019.png  \n",
            " extracting: 2011_09_26/2011_09_26_drive_0048_sync/image_03/data/0000000017.png  \n",
            " extracting: 2011_09_26/2011_09_26_drive_0048_sync/image_03/data/0000000014.png  \n",
            " extracting: 2011_09_26/2011_09_26_drive_0048_sync/image_03/data/0000000005.png  \n",
            " extracting: 2011_09_26/2011_09_26_drive_0048_sync/image_03/data/0000000018.png  \n",
            " extracting: 2011_09_26/2011_09_26_drive_0048_sync/image_03/data/0000000009.png  \n",
            " extracting: 2011_09_26/2011_09_26_drive_0048_sync/image_03/data/0000000010.png  \n",
            " extracting: 2011_09_26/2011_09_26_drive_0048_sync/image_03/data/0000000001.png  \n",
            " extracting: 2011_09_26/2011_09_26_drive_0048_sync/image_03/data/0000000011.png  \n",
            " extracting: 2011_09_26/2011_09_26_drive_0048_sync/image_03/data/0000000004.png  \n",
            " extracting: 2011_09_26/2011_09_26_drive_0048_sync/image_03/data/0000000020.png  \n",
            " extracting: 2011_09_26/2011_09_26_drive_0048_sync/image_03/data/0000000000.png  \n",
            " extracting: 2011_09_26/2011_09_26_drive_0048_sync/image_03/data/0000000002.png  \n",
            " extracting: 2011_09_26/2011_09_26_drive_0048_sync/image_03/data/0000000003.png  \n",
            " extracting: 2011_09_26/2011_09_26_drive_0048_sync/image_03/data/0000000016.png  \n",
            " extracting: 2011_09_26/2011_09_26_drive_0048_sync/image_03/data/0000000006.png  \n",
            " extracting: 2011_09_26/2011_09_26_drive_0048_sync/image_03/data/0000000021.png  \n",
            " extracting: 2011_09_26/2011_09_26_drive_0048_sync/image_03/data/0000000015.png  \n",
            " extracting: 2011_09_26/2011_09_26_drive_0048_sync/image_03/data/0000000013.png  \n",
            " extracting: 2011_09_26/2011_09_26_drive_0048_sync/image_03/data/0000000012.png  \n",
            "   creating: 2011_09_26/2011_09_26_drive_0048_sync/velodyne_points/\n",
            " extracting: 2011_09_26/2011_09_26_drive_0048_sync/velodyne_points/timestamps.txt  \n",
            "   creating: 2011_09_26/2011_09_26_drive_0048_sync/velodyne_points/data/\n",
            " extracting: 2011_09_26/2011_09_26_drive_0048_sync/velodyne_points/data/0000000004.bin  \n",
            " extracting: 2011_09_26/2011_09_26_drive_0048_sync/velodyne_points/data/0000000011.bin  \n",
            " extracting: 2011_09_26/2011_09_26_drive_0048_sync/velodyne_points/data/0000000003.bin  \n",
            " extracting: 2011_09_26/2011_09_26_drive_0048_sync/velodyne_points/data/0000000014.bin  \n",
            " extracting: 2011_09_26/2011_09_26_drive_0048_sync/velodyne_points/data/0000000002.bin  \n",
            " extracting: 2011_09_26/2011_09_26_drive_0048_sync/velodyne_points/data/0000000018.bin  \n",
            " extracting: 2011_09_26/2011_09_26_drive_0048_sync/velodyne_points/data/0000000008.bin  \n",
            " extracting: 2011_09_26/2011_09_26_drive_0048_sync/velodyne_points/data/0000000013.bin  \n",
            " extracting: 2011_09_26/2011_09_26_drive_0048_sync/velodyne_points/data/0000000007.bin  \n",
            " extracting: 2011_09_26/2011_09_26_drive_0048_sync/velodyne_points/data/0000000006.bin  \n",
            " extracting: 2011_09_26/2011_09_26_drive_0048_sync/velodyne_points/data/0000000019.bin  \n",
            " extracting: 2011_09_26/2011_09_26_drive_0048_sync/velodyne_points/data/0000000015.bin  \n",
            " extracting: 2011_09_26/2011_09_26_drive_0048_sync/velodyne_points/data/0000000020.bin  \n",
            " extracting: 2011_09_26/2011_09_26_drive_0048_sync/velodyne_points/data/0000000017.bin  \n",
            " extracting: 2011_09_26/2011_09_26_drive_0048_sync/velodyne_points/data/0000000005.bin  \n",
            " extracting: 2011_09_26/2011_09_26_drive_0048_sync/velodyne_points/data/0000000000.bin  \n",
            " extracting: 2011_09_26/2011_09_26_drive_0048_sync/velodyne_points/data/0000000001.bin  \n",
            " extracting: 2011_09_26/2011_09_26_drive_0048_sync/velodyne_points/data/0000000009.bin  \n",
            " extracting: 2011_09_26/2011_09_26_drive_0048_sync/velodyne_points/data/0000000010.bin  \n",
            " extracting: 2011_09_26/2011_09_26_drive_0048_sync/velodyne_points/data/0000000021.bin  \n",
            " extracting: 2011_09_26/2011_09_26_drive_0048_sync/velodyne_points/data/0000000012.bin  \n",
            " extracting: 2011_09_26/2011_09_26_drive_0048_sync/velodyne_points/data/0000000016.bin  \n",
            " extracting: 2011_09_26/2011_09_26_drive_0048_sync/velodyne_points/timestamps_start.txt  \n",
            " extracting: 2011_09_26/2011_09_26_drive_0048_sync/velodyne_points/timestamps_end.txt  \n"
          ],
          "name": "stdout"
        }
      ]
    },
    {
      "cell_type": "code",
      "metadata": {
        "id": "4UoSfOIRMdL0",
        "colab_type": "code",
        "outputId": "12d74bcb-387a-455b-ae55-2af4db2f3818",
        "colab": {
          "base_uri": "https://localhost:8080/",
          "height": 118
        }
      },
      "source": [
        "!unzip 2011_09_26_calib.zip\n",
        "!unzip 2011_09_26_drive_0048_tracklets.zip"
      ],
      "execution_count": 0,
      "outputs": [
        {
          "output_type": "stream",
          "text": [
            "Archive:  2011_09_26_calib.zip\n",
            " extracting: 2011_09_26/calib_cam_to_cam.txt  \n",
            " extracting: 2011_09_26/calib_imu_to_velo.txt  \n",
            " extracting: 2011_09_26/calib_velo_to_cam.txt  \n",
            "Archive:  2011_09_26_drive_0048_tracklets.zip\n",
            " extracting: 2011_09_26/2011_09_26_drive_0048_sync/tracklet_labels.xml  \n"
          ],
          "name": "stdout"
        }
      ]
    },
    {
      "cell_type": "code",
      "metadata": {
        "id": "MASH5lHgMjTl",
        "colab_type": "code",
        "outputId": "40de688b-a552-45c1-83bb-6a14d63e9e8b",
        "colab": {
          "base_uri": "https://localhost:8080/",
          "height": 490
        }
      },
      "source": [
        "!pip3 install pykitti\n",
        "!wget https://raw.githubusercontent.com/navoshta/KITTI-Dataset/master/source/parseTrackletXML.py"
      ],
      "execution_count": 0,
      "outputs": [
        {
          "output_type": "stream",
          "text": [
            "Collecting pykitti\n",
            "  Downloading https://files.pythonhosted.org/packages/c3/7e/e2b71b9221ccb8503dce9673e3cb36edcdc314ec374f9e69e6d38ed1abde/pykitti-0.3.1-py2.py3-none-any.whl\n",
            "Requirement already satisfied: numpy in /usr/local/lib/python3.6/dist-packages (from pykitti) (1.17.4)\n",
            "Requirement already satisfied: Pillow in /usr/local/lib/python3.6/dist-packages (from pykitti) (4.3.0)\n",
            "Requirement already satisfied: matplotlib in /usr/local/lib/python3.6/dist-packages (from pykitti) (3.1.1)\n",
            "Requirement already satisfied: pandas in /usr/local/lib/python3.6/dist-packages (from pykitti) (0.25.3)\n",
            "Requirement already satisfied: olefile in /usr/local/lib/python3.6/dist-packages (from Pillow->pykitti) (0.46)\n",
            "Requirement already satisfied: cycler>=0.10 in /usr/local/lib/python3.6/dist-packages (from matplotlib->pykitti) (0.10.0)\n",
            "Requirement already satisfied: python-dateutil>=2.1 in /usr/local/lib/python3.6/dist-packages (from matplotlib->pykitti) (2.6.1)\n",
            "Requirement already satisfied: pyparsing!=2.0.4,!=2.1.2,!=2.1.6,>=2.0.1 in /usr/local/lib/python3.6/dist-packages (from matplotlib->pykitti) (2.4.5)\n",
            "Requirement already satisfied: kiwisolver>=1.0.1 in /usr/local/lib/python3.6/dist-packages (from matplotlib->pykitti) (1.1.0)\n",
            "Requirement already satisfied: pytz>=2017.2 in /usr/local/lib/python3.6/dist-packages (from pandas->pykitti) (2018.9)\n",
            "Requirement already satisfied: six in /usr/local/lib/python3.6/dist-packages (from cycler>=0.10->matplotlib->pykitti) (1.12.0)\n",
            "Requirement already satisfied: setuptools in /usr/local/lib/python3.6/dist-packages (from kiwisolver>=1.0.1->matplotlib->pykitti) (41.6.0)\n",
            "Installing collected packages: pykitti\n",
            "Successfully installed pykitti-0.3.1\n",
            "--2019-11-30 07:25:25--  https://raw.githubusercontent.com/navoshta/KITTI-Dataset/master/source/parseTrackletXML.py\n",
            "Resolving raw.githubusercontent.com (raw.githubusercontent.com)... 151.101.0.133, 151.101.64.133, 151.101.128.133, ...\n",
            "Connecting to raw.githubusercontent.com (raw.githubusercontent.com)|151.101.0.133|:443... connected.\n",
            "HTTP request sent, awaiting response... 200 OK\n",
            "Length: 12667 (12K) [text/plain]\n",
            "Saving to: ‘parseTrackletXML.py’\n",
            "\n",
            "parseTrackletXML.py 100%[===================>]  12.37K  --.-KB/s    in 0s      \n",
            "\n",
            "2019-11-30 07:25:25 (150 MB/s) - ‘parseTrackletXML.py’ saved [12667/12667]\n",
            "\n"
          ],
          "name": "stdout"
        }
      ]
    },
    {
      "cell_type": "code",
      "metadata": {
        "id": "pdd6t08LMvMJ",
        "colab_type": "code",
        "outputId": "3fc28926-15d3-4744-e24d-e0bfe6fff8e1",
        "colab": {
          "base_uri": "https://localhost:8080/",
          "height": 1000
        }
      },
      "source": [
        "import pykitti\n",
        "\n",
        "dataset = pykitti.raw('.', '2011_09_26', '0048')\n",
        "dataset.calib"
      ],
      "execution_count": 0,
      "outputs": [
        {
          "output_type": "execute_result",
          "data": {
            "text/plain": [
              "CalibData(T_velo_imu=array([[ 9.999976e-01,  7.553071e-04, -2.035826e-03, -8.086759e-01],\n",
              "       [-7.854027e-04,  9.998898e-01, -1.482298e-02,  3.195559e-01],\n",
              "       [ 2.024406e-03,  1.482454e-02,  9.998881e-01, -7.997231e-01],\n",
              "       [ 0.000000e+00,  0.000000e+00,  0.000000e+00,  1.000000e+00]]), T_cam0_velo_unrect=array([[ 7.533745e-03, -9.999714e-01, -6.166020e-04, -4.069766e-03],\n",
              "       [ 1.480249e-02,  7.280733e-04, -9.998902e-01, -7.631618e-02],\n",
              "       [ 9.998621e-01,  7.523790e-03,  1.480755e-02, -2.717806e-01],\n",
              "       [ 0.000000e+00,  0.000000e+00,  0.000000e+00,  1.000000e+00]]), P_rect_00=array([[721.5377,   0.    , 609.5593,   0.    ],\n",
              "       [  0.    , 721.5377, 172.854 ,   0.    ],\n",
              "       [  0.    ,   0.    ,   1.    ,   0.    ]]), P_rect_10=array([[ 721.5377,    0.    ,  609.5593, -387.5744],\n",
              "       [   0.    ,  721.5377,  172.854 ,    0.    ],\n",
              "       [   0.    ,    0.    ,    1.    ,    0.    ]]), P_rect_20=array([[7.215377e+02, 0.000000e+00, 6.095593e+02, 4.485728e+01],\n",
              "       [0.000000e+00, 7.215377e+02, 1.728540e+02, 2.163791e-01],\n",
              "       [0.000000e+00, 0.000000e+00, 1.000000e+00, 2.745884e-03]]), P_rect_30=array([[ 7.215377e+02,  0.000000e+00,  6.095593e+02, -3.395242e+02],\n",
              "       [ 0.000000e+00,  7.215377e+02,  1.728540e+02,  2.199936e+00],\n",
              "       [ 0.000000e+00,  0.000000e+00,  1.000000e+00,  2.729905e-03]]), R_rect_00=array([[ 0.9999239 ,  0.00983776, -0.00744505,  0.        ],\n",
              "       [-0.0098698 ,  0.9999421 , -0.00427846,  0.        ],\n",
              "       [ 0.00740253,  0.00435161,  0.9999631 ,  0.        ],\n",
              "       [ 0.        ,  0.        ,  0.        ,  1.        ]]), R_rect_10=array([[ 0.9996878 , -0.00897683,  0.02331651,  0.        ],\n",
              "       [ 0.00887612,  0.9999508 ,  0.00441895,  0.        ],\n",
              "       [-0.02335503, -0.00421061,  0.9997184 ,  0.        ],\n",
              "       [ 0.        ,  0.        ,  0.        ,  1.        ]]), R_rect_20=array([[ 9.998817e-01,  1.511453e-02, -2.841595e-03,  0.000000e+00],\n",
              "       [-1.511724e-02,  9.998853e-01, -9.338510e-04,  0.000000e+00],\n",
              "       [ 2.827154e-03,  9.766976e-04,  9.999955e-01,  0.000000e+00],\n",
              "       [ 0.000000e+00,  0.000000e+00,  0.000000e+00,  1.000000e+00]]), R_rect_30=array([[ 0.9998321 , -0.00719314,  0.01685599,  0.        ],\n",
              "       [ 0.0072328 ,  0.9999712 , -0.00229358,  0.        ],\n",
              "       [-0.01683901,  0.00241512,  0.9998553 ,  0.        ],\n",
              "       [ 0.        ,  0.        ,  0.        ,  1.        ]]), T_cam0_velo=array([[ 2.34773698e-04, -9.99944155e-01, -1.05634778e-02,\n",
              "        -2.79681694e-03],\n",
              "       [ 1.04494074e-02,  1.05653536e-02, -9.99889574e-01,\n",
              "        -7.51087914e-02],\n",
              "       [ 9.99945389e-01,  1.24365378e-04,  1.04513030e-02,\n",
              "        -2.72132796e-01],\n",
              "       [ 0.00000000e+00,  0.00000000e+00,  0.00000000e+00,\n",
              "         1.00000000e+00]]), T_cam1_velo=array([[ 2.34773698e-04, -9.99944155e-01, -1.05634778e-02,\n",
              "        -5.39947405e-01],\n",
              "       [ 1.04494074e-02,  1.05653536e-02, -9.99889574e-01,\n",
              "        -7.51087914e-02],\n",
              "       [ 9.99945389e-01,  1.24365378e-04,  1.04513030e-02,\n",
              "        -2.72132796e-01],\n",
              "       [ 0.00000000e+00,  0.00000000e+00,  0.00000000e+00,\n",
              "         1.00000000e+00]]), T_cam2_velo=array([[ 2.34773698e-04, -9.99944155e-01, -1.05634778e-02,\n",
              "         5.93721868e-02],\n",
              "       [ 1.04494074e-02,  1.05653536e-02, -9.99889574e-01,\n",
              "        -7.51087914e-02],\n",
              "       [ 9.99945389e-01,  1.24365378e-04,  1.04513030e-02,\n",
              "        -2.72132796e-01],\n",
              "       [ 0.00000000e+00,  0.00000000e+00,  0.00000000e+00,\n",
              "         1.00000000e+00]]), T_cam3_velo=array([[ 2.34773698e-04, -9.99944155e-01, -1.05634778e-02,\n",
              "        -4.73353241e-01],\n",
              "       [ 1.04494074e-02,  1.05653536e-02, -9.99889574e-01,\n",
              "        -7.51087914e-02],\n",
              "       [ 9.99945389e-01,  1.24365378e-04,  1.04513030e-02,\n",
              "        -2.72132796e-01],\n",
              "       [ 0.00000000e+00,  0.00000000e+00,  0.00000000e+00,\n",
              "         1.00000000e+00]]), K_cam0=array([[721.5377,   0.    , 609.5593],\n",
              "       [  0.    , 721.5377, 172.854 ],\n",
              "       [  0.    ,   0.    ,   1.    ]]), K_cam1=array([[721.5377,   0.    , 609.5593],\n",
              "       [  0.    , 721.5377, 172.854 ],\n",
              "       [  0.    ,   0.    ,   1.    ]]), K_cam2=array([[721.5377,   0.    , 609.5593],\n",
              "       [  0.    , 721.5377, 172.854 ],\n",
              "       [  0.    ,   0.    ,   1.    ]]), K_cam3=array([[721.5377,   0.    , 609.5593],\n",
              "       [  0.    , 721.5377, 172.854 ],\n",
              "       [  0.    ,   0.    ,   1.    ]]), b_gray=0.537150600500771, b_rgb=0.5327254400790535, T_cam0_imu=array([[ 9.98747206e-04, -9.99990382e-01,  4.25937849e-03,\n",
              "        -3.14076870e-01],\n",
              "       [ 8.41690183e-03, -4.25082114e-03, -9.99955570e-01,\n",
              "         7.19452036e-01],\n",
              "       [ 9.99964049e-01,  1.03455328e-03,  8.41257521e-03,\n",
              "        -1.08908294e+00],\n",
              "       [ 0.00000000e+00,  0.00000000e+00,  0.00000000e+00,\n",
              "         1.00000000e+00]]), T_cam1_imu=array([[ 9.98747206e-04, -9.99990382e-01,  4.25937849e-03,\n",
              "        -8.51227458e-01],\n",
              "       [ 8.41690183e-03, -4.25082114e-03, -9.99955570e-01,\n",
              "         7.19452036e-01],\n",
              "       [ 9.99964049e-01,  1.03455328e-03,  8.41257521e-03,\n",
              "        -1.08908294e+00],\n",
              "       [ 0.00000000e+00,  0.00000000e+00,  0.00000000e+00,\n",
              "         1.00000000e+00]]), T_cam2_imu=array([[ 9.98747206e-04, -9.99990382e-01,  4.25937849e-03,\n",
              "        -2.51907866e-01],\n",
              "       [ 8.41690183e-03, -4.25082114e-03, -9.99955570e-01,\n",
              "         7.19452036e-01],\n",
              "       [ 9.99964049e-01,  1.03455328e-03,  8.41257521e-03,\n",
              "        -1.08908294e+00],\n",
              "       [ 0.00000000e+00,  0.00000000e+00,  0.00000000e+00,\n",
              "         1.00000000e+00]]), T_cam3_imu=array([[ 9.98747206e-04, -9.99990382e-01,  4.25937849e-03,\n",
              "        -7.84633294e-01],\n",
              "       [ 8.41690183e-03, -4.25082114e-03, -9.99955570e-01,\n",
              "         7.19452036e-01],\n",
              "       [ 9.99964049e-01,  1.03455328e-03,  8.41257521e-03,\n",
              "        -1.08908294e+00],\n",
              "       [ 0.00000000e+00,  0.00000000e+00,  0.00000000e+00,\n",
              "         1.00000000e+00]]))"
            ]
          },
          "metadata": {
            "tags": []
          },
          "execution_count": 7
        }
      ]
    },
    {
      "cell_type": "code",
      "metadata": {
        "id": "PoZcIDbMM5xh",
        "colab_type": "code",
        "colab": {}
      },
      "source": [
        "dataset_gray = list(dataset.gray)\n",
        "dataset_rgb = list(dataset.rgb)\n",
        "dataset_velo = list(dataset.velo)"
      ],
      "execution_count": 0,
      "outputs": []
    },
    {
      "cell_type": "code",
      "metadata": {
        "id": "zgOFKvK4NaO4",
        "colab_type": "code",
        "outputId": "6515559f-7ec9-4a0e-fe81-e8126baa8604",
        "colab": {
          "base_uri": "https://localhost:8080/",
          "height": 50
        }
      },
      "source": [
        "dataset_gray[0]"
      ],
      "execution_count": 0,
      "outputs": [
        {
          "output_type": "execute_result",
          "data": {
            "text/plain": [
              "(<PIL.Image.Image image mode=L size=1242x375 at 0x7FD031722CF8>,\n",
              " <PIL.Image.Image image mode=L size=1242x375 at 0x7FD039B2E4A8>)"
            ]
          },
          "metadata": {
            "tags": []
          },
          "execution_count": 12
        }
      ]
    },
    {
      "cell_type": "code",
      "metadata": {
        "id": "fCRw1NI-OfeO",
        "colab_type": "code",
        "outputId": "beb53a9a-00d1-4eed-ea6f-799c5937f716",
        "colab": {
          "base_uri": "https://localhost:8080/",
          "height": 349
        }
      },
      "source": [
        "import matplotlib.pyplot as plt\n",
        "\n",
        "plt.figure(figsize = (15, 5))\n",
        "plt.subplot(2, 2, 1)\n",
        "plt.imshow(dataset_gray[0][0], cmap = 'gray')\n",
        "plt.xlabel('left gray, cam0')\n",
        "plt.subplot(2, 2, 2)\n",
        "plt.imshow(dataset_rgb[0][0])\n",
        "plt.xlabel('left color, cam2')\n",
        "plt.subplot(2, 2, 3)\n",
        "plt.imshow(dataset_gray[0][1], cmap = 'gray')\n",
        "plt.xlabel('right gray, cam1')\n",
        "plt.subplot(2, 2, 4)\n",
        "plt.imshow(dataset_rgb[0][1])\n",
        "plt.xlabel('right color, cam3')\n",
        "plt.show()"
      ],
      "execution_count": 0,
      "outputs": [
        {
          "output_type": "display_data",
          "data": {
