{
  "nbformat": 4,
  "nbformat_minor": 0,
  "metadata": {
    "colab": {
      "name": "Lidar_Velodyne (Self Notes).ipynb",
      "provenance": []
    },
    "kernelspec": {
      "name": "python3",
      "display_name": "Python 3"
    }
  },
  "cells": [
    {
      "cell_type": "code",
      "metadata": {
        "id": "FXIRofl5KRY-",
        "colab_type": "code",
        "outputId": "6becb883-5bf5-4aa5-80ad-d8286eebb189",
        "colab": {
          "base_uri": "https://localhost:8080/",
          "height": 618
        }
      },
      "source": [
        "!wget https://s3.eu-central-1.amazonaws.com/avg-kitti/raw_data/2011_09_26_drive_0048/2011_09_26_drive_0048_sync.zip\n",
        "!wget https://s3.eu-central-1.amazonaws.com/avg-kitti/raw_data/2011_09_26_calib.zip\n",
        "!wget https://s3.eu-central-1.amazonaws.com/avg-kitti/raw_data/2011_09_26_drive_0048/2011_09_26_drive_0048_tracklets.zip"
      ],
      "execution_count": 0,
      "outputs": [
        {
          "output_type": "stream",
          "text": [
            "--2019-11-30 07:23:53--  https://s3.eu-central-1.amazonaws.com/avg-kitti/raw_data/2011_09_26_drive_0048/2011_09_26_drive_0048_sync.zip\n",
            "Resolving s3.eu-central-1.amazonaws.com (s3.eu-central-1.amazonaws.com)... 52.219.74.187\n",
            "Connecting to s3.eu-central-1.amazonaws.com (s3.eu-central-1.amazonaws.com)|52.219.74.187|:443... connected.\n",
            "HTTP request sent, awaiting response... 200 OK\n",
            "Length: 83650171 (80M) [application/zip]\n",
            "Saving to: ‘2011_09_26_drive_0048_sync.zip’\n",
            "\n",
            "2011_09_26_drive_00 100%[===================>]  79.77M  20.6MB/s    in 4.8s    \n",
            "\n",
            "2019-11-30 07:23:59 (16.7 MB/s) - ‘2011_09_26_drive_0048_sync.zip’ saved [83650171/83650171]\n",
            "\n",
            "--2019-11-30 07:24:00--  https://s3.eu-central-1.amazonaws.com/avg-kitti/raw_data/2011_09_26_calib.zip\n",
            "Resolving s3.eu-central-1.amazonaws.com (s3.eu-central-1.amazonaws.com)... 52.219.73.127\n",
            "Connecting to s3.eu-central-1.amazonaws.com (s3.eu-central-1.amazonaws.com)|52.219.73.127|:443... connected.\n",
            "HTTP request sent, awaiting response... 200 OK\n",
            "Length: 4068 (4.0K) [application/zip]\n",
            "Saving to: ‘2011_09_26_calib.zip’\n",
            "\n",
            "2011_09_26_calib.zi 100%[===================>]   3.97K  --.-KB/s    in 0s      \n",
            "\n",
            "2019-11-30 07:24:00 (120 MB/s) - ‘2011_09_26_calib.zip’ saved [4068/4068]\n",
            "\n",
            "--2019-11-30 07:24:01--  https://s3.eu-central-1.amazonaws.com/avg-kitti/raw_data/2011_09_26_drive_0048/2011_09_26_drive_0048_tracklets.zip\n",
            "Resolving s3.eu-central-1.amazonaws.com (s3.eu-central-1.amazonaws.com)... 52.219.73.127\n",
            "Connecting to s3.eu-central-1.amazonaws.com (s3.eu-central-1.amazonaws.com)|52.219.73.127|:443... connected.\n",
            "HTTP request sent, awaiting response... 200 OK\n",
            "Length: 64188 (63K) [application/zip]\n",
            "Saving to: ‘2011_09_26_drive_0048_tracklets.zip’\n",
            "\n",
            "2011_09_26_drive_00 100%[===================>]  62.68K   225KB/s    in 0.3s    \n",
            "\n",
            "2019-11-30 07:24:02 (225 KB/s) - ‘2011_09_26_drive_0048_tracklets.zip’ saved [64188/64188]\n",
            "\n"
          ],
          "name": "stdout"
        }
      ]
    },
    {
      "cell_type": "code",
      "metadata": {
        "id": "IEH3uS_BNPIU",
        "colab_type": "code",
        "outputId": "32d988f0-c6cc-4f71-95ab-a6f5b3a6dd2f",
        "colab": {
          "base_uri": "https://localhost:8080/",
          "height": 122
        }
      },
      "source": [
        "!unzip 2011_09_26_drive_0048_sync.zip\n",
        "!unzip 2011_09_26_calib.zip\n",
        "!unzip 2011_09_26_drive_0048_tracklets.zip"
      ],
      "execution_count": 0,
      "outputs": [
        {
          "output_type": "stream",
          "text": [
            "Archive:  2011_09_26_drive_0048_sync.zip\n",
            "replace 2011_09_26/2011_09_26_drive_0048_sync/oxts/timestamps.txt? [y]es, [n]o, [A]ll, [N]one, [r]ename: N\n",
            "Archive:  2011_09_26_calib.zip\n",
            "replace 2011_09_26/calib_cam_to_cam.txt? [y]es, [n]o, [A]ll, [N]one, [r]ename: N\n",
            "Archive:  2011_09_26_drive_0048_tracklets.zip\n",
            "replace 2011_09_26/2011_09_26_drive_0048_sync/tracklet_labels.xml? [y]es, [n]o, [A]ll, [N]one, [r]ename: N\n"
          ],
          "name": "stdout"
        }
      ]
    },
    {
      "cell_type": "code",
      "metadata": {
        "id": "pfnkV2lhMhtx",
        "colab_type": "code",
        "outputId": "84724e4b-4771-4e20-caa6-37742eebc032",
        "colab": {
          "base_uri": "https://localhost:8080/",
          "height": 512
        }
      },
      "source": [
        "!pip3 install pykitti\n",
        "!wget https://raw.githubusercontent.com/navoshta/KITTI-Dataset/master/source/parseTrackletXML.py"
      ],
      "execution_count": 0,
      "outputs": [
        {
          "output_type": "stream",
          "text": [
            "Collecting pykitti\n",
            "  Downloading https://files.pythonhosted.org/packages/c3/7e/e2b71b9221ccb8503dce9673e3cb36edcdc314ec374f9e69e6d38ed1abde/pykitti-0.3.1-py2.py3-none-any.whl\n",
            "Requirement already satisfied: pandas in /usr/local/lib/python3.6/dist-packages (from pykitti) (0.25.3)\n",
            "Requirement already satisfied: Pillow in /usr/local/lib/python3.6/dist-packages (from pykitti) (4.3.0)\n",
            "Requirement already satisfied: matplotlib in /usr/local/lib/python3.6/dist-packages (from pykitti) (3.1.1)\n",
            "Requirement already satisfied: numpy in /usr/local/lib/python3.6/dist-packages (from pykitti) (1.17.4)\n",
            "Requirement already satisfied: pytz>=2017.2 in /usr/local/lib/python3.6/dist-packages (from pandas->pykitti) (2018.9)\n",
            "Requirement already satisfied: python-dateutil>=2.6.1 in /usr/local/lib/python3.6/dist-packages (from pandas->pykitti) (2.6.1)\n",
            "Requirement already satisfied: olefile in /usr/local/lib/python3.6/dist-packages (from Pillow->pykitti) (0.46)\n",
            "Requirement already satisfied: cycler>=0.10 in /usr/local/lib/python3.6/dist-packages (from matplotlib->pykitti) (0.10.0)\n",
            "Requirement already satisfied: pyparsing!=2.0.4,!=2.1.2,!=2.1.6,>=2.0.1 in /usr/local/lib/python3.6/dist-packages (from matplotlib->pykitti) (2.4.5)\n",
            "Requirement already satisfied: kiwisolver>=1.0.1 in /usr/local/lib/python3.6/dist-packages (from matplotlib->pykitti) (1.1.0)\n",
            "Requirement already satisfied: six>=1.5 in /usr/local/lib/python3.6/dist-packages (from python-dateutil>=2.6.1->pandas->pykitti) (1.12.0)\n",
            "Requirement already satisfied: setuptools in /usr/local/lib/python3.6/dist-packages (from kiwisolver>=1.0.1->matplotlib->pykitti) (41.6.0)\n",
            "Installing collected packages: pykitti\n",
            "Successfully installed pykitti-0.3.1\n",
            "--2019-11-30 07:26:56--  https://raw.githubusercontent.com/navoshta/KITTI-Dataset/master/source/parseTrackletXML.py\n",
            "Resolving raw.githubusercontent.com (raw.githubusercontent.com)... 151.101.0.133, 151.101.64.133, 151.101.128.133, ...\n",
            "Connecting to raw.githubusercontent.com (raw.githubusercontent.com)|151.101.0.133|:443... connected.\n",
            "HTTP request sent, awaiting response... 200 OK\n",
            "Length: 12667 (12K) [text/plain]\n",
            "Saving to: ‘parseTrackletXML.py’\n",
            "\n",
            "parseTrackletXML.py 100%[===================>]  12.37K  --.-KB/s    in 0s      \n",
            "\n",
            "2019-11-30 07:26:56 (174 MB/s) - ‘parseTrackletXML.py’ saved [12667/12667]\n",
            "\n"
          ],
          "name": "stdout"
        }
      ]
    },
    {
      "cell_type": "code",
      "metadata": {
        "id": "ApDGm2NnMo7i",
        "colab_type": "code",
        "outputId": "3ed1b9bd-fb62-4442-c04f-d2bdd9d4b704",
        "colab": {
          "base_uri": "https://localhost:8080/",
          "height": 1000
        }
      },
      "source": [
        "import pykitti\n",
        "\n",
        "dataset = pykitti.raw('.', '2011_09_26', '0048')\n",
        "dataset.calib"
      ],
      "execution_count": 0,
      "outputs": [
        {
          "output_type": "execute_result",
          "data": {
            "text/plain": [
              "CalibData(T_velo_imu=array([[ 9.999976e-01,  7.553071e-04, -2.035826e-03, -8.086759e-01],\n",
              "       [-7.854027e-04,  9.998898e-01, -1.482298e-02,  3.195559e-01],\n",
              "       [ 2.024406e-03,  1.482454e-02,  9.998881e-01, -7.997231e-01],\n",
              "       [ 0.000000e+00,  0.000000e+00,  0.000000e+00,  1.000000e+00]]), T_cam0_velo_unrect=array([[ 7.533745e-03, -9.999714e-01, -6.166020e-04, -4.069766e-03],\n",
              "       [ 1.480249e-02,  7.280733e-04, -9.998902e-01, -7.631618e-02],\n",
              "       [ 9.998621e-01,  7.523790e-03,  1.480755e-02, -2.717806e-01],\n",
              "       [ 0.000000e+00,  0.000000e+00,  0.000000e+00,  1.000000e+00]]), P_rect_00=array([[721.5377,   0.    , 609.5593,   0.    ],\n",
              "       [  0.    , 721.5377, 172.854 ,   0.    ],\n",
              "       [  0.    ,   0.    ,   1.    ,   0.    ]]), P_rect_10=array([[ 721.5377,    0.    ,  609.5593, -387.5744],\n",
              "       [   0.    ,  721.5377,  172.854 ,    0.    ],\n",
              "       [   0.    ,    0.    ,    1.    ,    0.    ]]), P_rect_20=array([[7.215377e+02, 0.000000e+00, 6.095593e+02, 4.485728e+01],\n",
              "       [0.000000e+00, 7.215377e+02, 1.728540e+02, 2.163791e-01],\n",
              "       [0.000000e+00, 0.000000e+00, 1.000000e+00, 2.745884e-03]]), P_rect_30=array([[ 7.215377e+02,  0.000000e+00,  6.095593e+02, -3.395242e+02],\n",
              "       [ 0.000000e+00,  7.215377e+02,  1.728540e+02,  2.199936e+00],\n",
              "       [ 0.000000e+00,  0.000000e+00,  1.000000e+00,  2.729905e-03]]), R_rect_00=array([[ 0.9999239 ,  0.00983776, -0.00744505,  0.        ],\n",
              "       [-0.0098698 ,  0.9999421 , -0.00427846,  0.        ],\n",
              "       [ 0.00740253,  0.00435161,  0.9999631 ,  0.        ],\n",
              "       [ 0.        ,  0.        ,  0.        ,  1.        ]]), R_rect_10=array([[ 0.9996878 , -0.00897683,  0.02331651,  0.        ],\n",
              "       [ 0.00887612,  0.9999508 ,  0.00441895,  0.        ],\n",
              "       [-0.02335503, -0.00421061,  0.9997184 ,  0.        ],\n",
              "       [ 0.        ,  0.        ,  0.        ,  1.        ]]), R_rect_20=array([[ 9.998817e-01,  1.511453e-02, -2.841595e-03,  0.000000e+00],\n",
              "       [-1.511724e-02,  9.998853e-01, -9.338510e-04,  0.000000e+00],\n",
              "       [ 2.827154e-03,  9.766976e-04,  9.999955e-01,  0.000000e+00],\n",
              "       [ 0.000000e+00,  0.000000e+00,  0.000000e+00,  1.000000e+00]]), R_rect_30=array([[ 0.9998321 , -0.00719314,  0.01685599,  0.        ],\n",
              "       [ 0.0072328 ,  0.9999712 , -0.00229358,  0.        ],\n",
              "       [-0.01683901,  0.00241512,  0.9998553 ,  0.        ],\n",
              "       [ 0.        ,  0.        ,  0.        ,  1.        ]]), T_cam0_velo=array([[ 2.34773698e-04, -9.99944155e-01, -1.05634778e-02,\n",
              "        -2.79681694e-03],\n",
              "       [ 1.04494074e-02,  1.05653536e-02, -9.99889574e-01,\n",
              "        -7.51087914e-02],\n",
              "       [ 9.99945389e-01,  1.24365378e-04,  1.04513030e-02,\n",
              "        -2.72132796e-01],\n",
              "       [ 0.00000000e+00,  0.00000000e+00,  0.00000000e+00,\n",
              "         1.00000000e+00]]), T_cam1_velo=array([[ 2.34773698e-04, -9.99944155e-01, -1.05634778e-02,\n",
              "        -5.39947405e-01],\n",
              "       [ 1.04494074e-02,  1.05653536e-02, -9.99889574e-01,\n",
              "        -7.51087914e-02],\n",
              "       [ 9.99945389e-01,  1.24365378e-04,  1.04513030e-02,\n",
              "        -2.72132796e-01],\n",
              "       [ 0.00000000e+00,  0.00000000e+00,  0.00000000e+00,\n",
              "         1.00000000e+00]]), T_cam2_velo=array([[ 2.34773698e-04, -9.99944155e-01, -1.05634778e-02,\n",
              "         5.93721868e-02],\n",
              "       [ 1.04494074e-02,  1.05653536e-02, -9.99889574e-01,\n",
              "        -7.51087914e-02],\n",
              "       [ 9.99945389e-01,  1.24365378e-04,  1.04513030e-02,\n",
              "        -2.72132796e-01],\n",
              "       [ 0.00000000e+00,  0.00000000e+00,  0.00000000e+00,\n",
              "         1.00000000e+00]]), T_cam3_velo=array([[ 2.34773698e-04, -9.99944155e-01, -1.05634778e-02,\n",
              "        -4.73353241e-01],\n",
              "       [ 1.04494074e-02,  1.05653536e-02, -9.99889574e-01,\n",
              "        -7.51087914e-02],\n",
              "       [ 9.99945389e-01,  1.24365378e-04,  1.04513030e-02,\n",
              "        -2.72132796e-01],\n",
              "       [ 0.00000000e+00,  0.00000000e+00,  0.00000000e+00,\n",
              "         1.00000000e+00]]), K_cam0=array([[721.5377,   0.    , 609.5593],\n",
              "       [  0.    , 721.5377, 172.854 ],\n",
              "       [  0.    ,   0.    ,   1.    ]]), K_cam1=array([[721.5377,   0.    , 609.5593],\n",
              "       [  0.    , 721.5377, 172.854 ],\n",
              "       [  0.    ,   0.    ,   1.    ]]), K_cam2=array([[721.5377,   0.    , 609.5593],\n",
              "       [  0.    , 721.5377, 172.854 ],\n",
              "       [  0.    ,   0.    ,   1.    ]]), K_cam3=array([[721.5377,   0.    , 609.5593],\n",
              "       [  0.    , 721.5377, 172.854 ],\n",
              "       [  0.    ,   0.    ,   1.    ]]), b_gray=0.537150600500771, b_rgb=0.5327254400790535, T_cam0_imu=array([[ 9.98747206e-04, -9.99990382e-01,  4.25937849e-03,\n",
              "        -3.14076870e-01],\n",
              "       [ 8.41690183e-03, -4.25082114e-03, -9.99955570e-01,\n",
              "         7.19452036e-01],\n",
              "       [ 9.99964049e-01,  1.03455328e-03,  8.41257521e-03,\n",
              "        -1.08908294e+00],\n",
              "       [ 0.00000000e+00,  0.00000000e+00,  0.00000000e+00,\n",
              "         1.00000000e+00]]), T_cam1_imu=array([[ 9.98747206e-04, -9.99990382e-01,  4.25937849e-03,\n",
              "        -8.51227458e-01],\n",
              "       [ 8.41690183e-03, -4.25082114e-03, -9.99955570e-01,\n",
              "         7.19452036e-01],\n",
              "       [ 9.99964049e-01,  1.03455328e-03,  8.41257521e-03,\n",
              "        -1.08908294e+00],\n",
              "       [ 0.00000000e+00,  0.00000000e+00,  0.00000000e+00,\n",
              "         1.00000000e+00]]), T_cam2_imu=array([[ 9.98747206e-04, -9.99990382e-01,  4.25937849e-03,\n",
              "        -2.51907866e-01],\n",
              "       [ 8.41690183e-03, -4.25082114e-03, -9.99955570e-01,\n",
              "         7.19452036e-01],\n",
              "       [ 9.99964049e-01,  1.03455328e-03,  8.41257521e-03,\n",
              "        -1.08908294e+00],\n",
              "       [ 0.00000000e+00,  0.00000000e+00,  0.00000000e+00,\n",
              "         1.00000000e+00]]), T_cam3_imu=array([[ 9.98747206e-04, -9.99990382e-01,  4.25937849e-03,\n",
              "        -7.84633294e-01],\n",
              "       [ 8.41690183e-03, -4.25082114e-03, -9.99955570e-01,\n",
              "         7.19452036e-01],\n",
              "       [ 9.99964049e-01,  1.03455328e-03,  8.41257521e-03,\n",
              "        -1.08908294e+00],\n",
              "       [ 0.00000000e+00,  0.00000000e+00,  0.00000000e+00,\n",
              "         1.00000000e+00]]))"
            ]
          },
          "metadata": {
            "tags": []
          },
          "execution_count": 10
        }
      ]
    },
    {
      "cell_type": "code",
      "metadata": {
        "id": "N7db9F59N-G7",
        "colab_type": "code",
        "colab": {}
      },
      "source": [
        "dataset_gray = list(dataset.gray)\n",
        "dataset_rgb = list(dataset.rgb)\n",
        "dataset_velo = list(dataset.velo)"
      ],
      "execution_count": 0,
      "outputs": []
    },
    {
      "cell_type": "code",
      "metadata": {
        "id": "I0dp_-rqQfSJ",
        "colab_type": "code",
        "outputId": "503cdcdc-9786-402f-a150-cfaac573ea6d",
        "colab": {
          "base_uri": "https://localhost:8080/",
          "height": 52
        }
      },
      "source": [
        "dataset_gray[0]"
      ],
      "execution_count": 0,
      "outputs": [
        {
          "output_type": "execute_result",
          "data": {
            "text/plain": [
              "(<PIL.Image.Image image mode=L size=1242x375 at 0x7FEA72B534A8>,\n",
              " <PIL.Image.Image image mode=L size=1242x375 at 0x7FEA72B530F0>)"
            ]
          },
          "metadata": {
            "tags": []
          },
          "execution_count": 20
        }
      ]
    },
    {
      "cell_type": "code",
      "metadata": {
        "id": "yT3WFs5sOkXR",
        "colab_type": "code",
        "outputId": "d3f76052-565a-42d2-eaf5-bf65943b3432",
        "colab": {
          "base_uri": "https://localhost:8080/",
          "height": 34
        }
      },
      "source": [
        "dataset_velo[0][0]"
      ],
      "execution_count": 0,
      "outputs": [
        {
          "output_type": "execute_result",
          "data": {
            "text/plain": [
              "array([52.301,  7.3  ,  1.995,  0.12 ], dtype=float32)"
            ]
          },
          "metadata": {
            "tags": []
          },
          "execution_count": 14
        }
      ]
    },
    {
      "cell_type": "code",
      "metadata": {
        "id": "NncMif65PKMJ",
        "colab_type": "code",
        "outputId": "342cab15-1373-483c-8f9c-5b698a209824",
        "colab": {
          "base_uri": "https://localhost:8080/",
          "height": 34
        }
      },
      "source": [
        "lidar = dataset_velo[0]\n",
        "lidar = lidar[::int(0.00005 * lidar.shape[0])]\n",
        "dataset_velo[0].shape, lidar.shape\n"
      ],
      "execution_count": 0,
      "outputs": [
        {
          "output_type": "execute_result",
          "data": {
            "text/plain": [
              "((119977, 4), (23996, 4))"
            ]
          },
          "metadata": {
            "tags": []
          },
          "execution_count": 18
        }
      ]
    },
    {
      "cell_type": "code",
      "metadata": {
        "id": "8lqO6PlNPwEp",
        "colab_type": "code",
        "outputId": "17dfda5d-203f-41d9-ec50-8e6d02b4cec9",
        "colab": {
          "base_uri": "https://localhost:8080/",
          "height": 34
        }
      },
      "source": [
        "x = lidar[:, 0]\n",
        "y = lidar[:, 1]\n",
        "z = lidar[:, 2]\n",
        "\n",
        "x.min(), x.max(), y.min(), y.max(), z.min(), z.max()\n"
      ],
      "execution_count": 0,
      "outputs": [
        {
          "output_type": "execute_result",
          "data": {
            "text/plain": [
              "(-77.813, 79.923, -24.962, 35.678, -16.737, 2.642)"
            ]
          },
          "metadata": {
            "tags": []
          },
          "execution_count": 19
        }
      ]
    },
    {
      "cell_type": "code",
      "metadata": {
        "id": "ObpaTlt9Oq06",
        "colab_type": "code",
        "outputId": "fd3041da-7735-43e0-f19d-f6a909947ab0",
        "colab": {
          "base_uri": "https://localhost:8080/",
          "height": 466
        }
      },
      "source": [
        "percent_use = 0.2\n",
        "\n",
        "points_step = int(1. / percent_use)\n",
        "point_size = 0.01 * (1. / percent_use)\n",
        "velo_range = range(0, dataset_velo[0].shape[0], points_step)\n",
        "velo_frame = dataset_velo[0][velo_range, :]\n",
        "\n",
        "axes_limits = [\n",
        "    [-10, 10], # X axis range\n",
        "    [-5, 5], # Y axis range\n",
        "    [-3, 10]   # Z axis range\n",
        "]\n",
        "\n",
        "f = plt.figure(figsize=(15, 8))\n",
        "ax = f.add_subplot(111, projection='3d')\n",
        "\n",
        "ax.scatter(velo_frame[:,0], velo_frame[:,1], velo_frame[:,2], s=point_size, c=velo_frame[:, 3], cmap='gray')\n",
        "ax.set_xlim3d(*axes_limits[0])\n",
        "ax.set_ylim3d(*axes_limits[1])\n",
        "ax.set_zlim3d(*axes_limits[2])\n",
        "\n",
        "ax.set_xlabel('x axis')\n",
        "ax.set_ylabel('y axis')\n",
        "ax.set_zlabel('z axis')\n",
        "plt.show()\n"
      ],
      "execution_count": 0,
      "outputs": [
        {
          "output_type": "display_data",
          "data": {
